0 0 0 0 0 0 0 0 0 0 0 0 0 0 0 0 0 0 
0 0 0 1 0 1 1 0 0 1 1 0 0 1 1 1 0 0 
0 0 0 0 0 0 0 0 0 0 1 0 1 0 0 1 0 0 
0 0 0 0 1 1 0 1 1 1 0 0 1 0 1 0 0 0 
0 0 0 0 1 0 0 0 1 1 1 1 1 1 1 1 0 0 
0 1 1 1 0 0 0 1 0 1 0 0 0 1 0 1 1 0 
0 1 0 1 0 1 0 0 0 0 1 1 1 0 0 0 0 0 
1 0 1 1 0 0 0 1 0 1 0 0 0 1 0 0 0 0 
0 1 0 0 0 1 1 0 1 0 1 1 1 1 0 1 1 0 
1 1 0 0 1 1 0 1 1 1 0 1 1 1 0 0 0 0 
0 0 0 0 0 0 0 0 0 0 0 0 0 0 0 0 0 0 
1 0 1 1 0 1 1 0 0 0 1 1 1 0 0 1 0 0 
0 0 1 0 0 0 1 0 0 0 0 1 0 1 1 0 1 0 
0 0 1 1 0 1 1 0 0 1 0 0 1 1 1 0 0 0 
0 0 0 0 0 0 0 0 0 0 0 0 0 0 0 0 0 0 
0 0 0 1 0 1 0 0 0 1 0 0 1 0 0 0 0 0 
1 0 1 0 0 0 0 0 0 0 0 0 1 0 1 0 0 0 
0 0 1 1 0 0 0 1 0 0 1 1 1 0 1 0 0 0 

grupa 0
13-18
18-70
40-64
40-90
70-90
70-92

grupa 1
20-37
26-37
26-62
37-52
37-61
37-99

grupa 2
0-39
0-54
33-46
33-54
33-55
39-45
45-46
46-55
46-81
54-74

grupa 3
19-91
21-69
21-91
25-73
25-91

grupa 4
5-49
12-50
38-43
38-49
38-88
50-66
50-88

grupa 5
2-76
27-42
27-76
42-44
42-48
42-97

grupa 6
14-32
14-84
14-100
14-103
32-84
41-72
72-100

grupa 7
59-96
65-78
77-86
78-86
78-96

grupa 8
4-75
10-57
10-58
15-23
22-89
23-57
23-58
23-75
23-87
75-89

grupa 9
35-63
36-95
63-102
85-95
85-102

grupa 10
7-82
29-30
29-51
29-104
30-82
67-104

grupa 11
3-71
3-80
31-71
31-94
56-71
68-80

grupa 12
6-16
6-93
6-98
83-98
93-101

grupa 13
8-28
8-34
8-60
9-28
9-53
53-60

grupa 14
1-47
1-79
11-17
11-24
11-47
24-47

